time(day),S,I,R 
0,9999.0,1.0,0.0
1,9998.840016,1.0885554285714287,0.07142857142857142
2,9998.66586733474,1.1849501346490998,0.1491825306122449
3,9998.476300607286,1.289877566769976,0.23382182594432346
4,9998.269951642773,1.4040924193703885,0.3259559378564646
5,9998.045335722038,1.528416024435801,0.42624825352577805
6,9997.800836958771,1.663742214528266,0.5354208266997639
7,9997.534696745894,1.8110436977974138,0.6542595563089257
8,9997.245001190597,1.9713789889658695,0.7836198204373124
9,9996.92966745071,2.1458999439259956,0.924432605363446
10,9996.71514334258,2.207145484630856,1.0777111727867315
11,9996.494501295683,2.270134282626347,1.2353644216889355
12,9996.267567446948,2.334915682602093,1.3975168704479601
13,9996.034163027842,2.4015404100948436,1.5642965620623954
14,9995.794104228009,2.470060609205783,1.7358351627834556
15,9995.547202055262,2.540529881294077,1.9122680634410116
16,9995.293262191795,2.613003324668711,2.0937344835334457
17,9995.032084846544,2.687537575300977,2.280377578152639
18,9994.7634646036,2.764190848580261,2.4723445478169945
19,9994.487190266575,2.843022982136058,2.6697867512870133
20,9994.203044698808,2.924095479749406,2.872859821439589
21,9993.910804659341,3.007471556377178,3.0817237842788323
22,9993.610240634522,3.093216184312929,3.2965431811629164
23,9993.301116665161,3.181396140508181,3.5174871943281256
24,9992.983190169127,3.2720800550782574,3.7447297757929956
25,9992.656211759255,3.3653384610169432,3.978449779727157
26,9992.319925056483,3.4612438451444087,4.218831098371225
27,9991.974066498089,3.559870700312964,4.466062801595825
28,9991.618365140914,3.661295578895316,4.7203392801896085
29,9991.252542459451,3.765597147580076,4.981860392967845
30,9990.876312138706,3.8728562434993026,5.250831617794994
31,9990.48937986167,3.983155931712881,5.527464206616372
32,9990.091443091329,4.096581564074495,5.811975344595863
33,9989.682190847037,4.213220839503894,6.104588313458327
34,9989.261303475172,4.333163865690021,6.405532659137177
35,9988.82845241392,4.4565032222494185,6.715044363829321
36,9988.383299952073,4.583334025364111,7.033366022561422
37,9987.925498981702,4.713753993922878,7.360747024373144
38,9987.454692744583,4.847863517189536,7.697443738224779
39,9986.970514572236,4.985765724021397,8.043719703738317
40,9986.472587619453,5.127566553660678,8.399845826882702
41,9985.96052459116,5.273374828121039,8.766100580715607
42,9985.43392746251,5.423302326190859,9.142770211295682
43,9984.892387192043,5.577463859074123,9.530148948880743
44,9984.33548342778,5.735977347689051,9.928539224528896
45,9983.762784206134,5.898963901643674,10.33825189222097
46,9983.173845643467,6.066547899906609,10.75960645662409
47,9982.56821162019,6.238857073190189,11.19293130661742
48,9981.945413457233,6.416022588061877,11.638563954702432
49,9981.304969584779,6.598179132798594,12.096851282421138
50,9980.646385203094,6.785465004997112,12.568149791906752
51,9979.969151935353,6.97802220095207,13.05282586369226
52,9979.272747472283,7.175996506811425,13.551256020903121
53,9978.556635208519,7.379537591517262,14.06382719996108
54,9977.820263870533,7.588799101537796,14.5909370279266
55,9977.063067135996,7.803938757394189,15.132994106607871
56,9976.28446324445,8.02511845198335,15.690418303564599
57,9975.483854599168,8.252504350695288,16.263641050134837
58,9974.660627360065,8.486266993320756,16.85310564661307
59,9973.814151027549,8.726581397741835,17.45926757470741
60,9972.9437780172,8.973627165394904,18.082594817403255
61,9972.048843225146,9.227588588491837,18.723568186360033
62,9971.12866358405,9.488654758981554,19.382681656966593
63,9970.182537609588,9.757019679229927,20.06044271117956
64,9969.209744937338,10.03288237439179,20.757372688267413
65,9968.209545849972,10.316447006444058,21.47400714358111
66,9967.181180794683,10.607922989844107,22.210896215469973
67,9966.123869890765,10.907525108772179,22.968605000458837
68,9965.036812427286,11.21547363591098,23.747713936799705
69,9963.91918635078,11.53199445270966,24.548819196507633
70,9962.770147742938,11.857319171072843,25.372533085986895
71,9961.58883028824,12.191685256408743,26.219484455349242
72,9960.374344731514,12.535336151963001,27.090319116521297
73,9959.125778325408,12.888521404357336,27.98570027023294
74,9957.842194267781,13.251496790243865,28.90630894197275
75,9956.52263112903,13.62452444397739,29.852844426990167
76,9955.16610226938,14.007872986198748,30.826024744417122
77,9953.77159524621,14.401817653212703,31.826587100574177
78,9952.338071211445,14.80664042703358,32.85528836151794
79,9950.864464299158,15.222630165961085,33.91290553487748
80,9949.349681003443,15.650082735537314,35.00023626101756
81,9947.792599546718,16.08930113972389,36.118099313555945
82,9946.192069238621,16.540595652125567,37.26733510925051
83,9944.546909825665,17.00428394707314,38.44880622725948
84,9942.85591083187,17.48069123036456,39.66339793776471
85,9941.117830890616,17.970150369448234,40.9120187399336
86,9939.331397068001,18.473002022817006,42.1956009091799
87,9937.495304177966,18.989594768364935,43.51510105366683
88,9935.608214089578,19.520285230441843,44.87150067997862
89,9933.668755026809,20.065438205322632,46.26580676786732
90,9931.675520861247,20.625426784789504,47.69905235396179
91,9929.627070398188,21.200632477505497,49.172297124303896
92,9927.521926656606,21.79144532783712,50.68662801555429
93,9925.35857614355,22.398264031762317,52.24315982468551
94,9923.135468123566,23.021496049477378,53.84303582695425
95,9920.851013883788,23.661557714293064,55.48742840191692
96,9918.50358599539,24.31887433738556,57.17753966722357
97,9916.091517572162,24.99388030794246,58.91460211989397
98,9913.613101527035,25.68701918821745,60.699879284747006
99,9911.0665898274,26.398743802979663,62.53466636961968
100,9908.45019275021,27.12951632281522,64.42029092697537
101,9905.76207813783,27.879808340708603,66.35811352146217
102,9903.000370655758,28.65010094130084,68.34952840294136
103,9900.163151053348,29.440884762189622,70.39596418446285
104,9897.248455428778,30.252660046603594,72.49888452461926
105,9894.25427449959,31.085936686749076,74.65978881366237
106,9891.178552880194,31.941234257092475,76.88021286271588
107,9888.01918836783,32.81908203680576,79.16172959536534
108,9884.774031238585,33.72001902056517,81.50594974085146
109,9881.440883555111,34.64459391685548,83.9145225280347
110,9878.017498487869,35.59336513289332,86.38913637923866
111,9874.50157965174,36.5669007452431,88.93151960301675
112,9870.890780460022,37.565778455158735,91.54344108481983
113,9867.182703497883,38.59058552764284,94.22671097447403
114,9863.37489991752,39.64191871317334,96.98318136930567
115,9859.46486885732,40.72038415100466,99.8147469916752
116,9855.450056887488,41.8265972529078,102.7233458596041
117,9851.327857484732,42.961182566170194,105.71095994909751
118,9847.095610538685,44.12477361463261,108.7796158466811
119,9842.750601892918,45.318012716496895,111.93138539058343
120,9838.2900629235,46.541550777594594,115.16838629890464
121,9833.711170158216,47.79604705876328,118.49278278301854
122,9829.011044939705,49.08216891593472,121.90678614435878
123,9824.186753135862,50.400591511496856,125.41265535263983
124,9819.235304901087,51.75199749545024,129.01269760346105
125,9814.153654492022,53.13707665484,132.70926885313605
126,9808.93870014161,54.55652552990549,136.50477432848177
127,9803.587283995455,56.011046995353496,140.4016690091893
128,9798.096192114586,57.50134980512601,144.40245808028598
129,9792.462154548915,59.02814809900183,148.5096973520807
130,9786.68184548579,60.592160869341825,152.72599364486655
131,9780.751883478202,62.19411138626197,157.05400513553383
132,9774.668831757377,63.834726579496184,161.49644166312396
133,9768.429198634574,65.51473637519287,166.05606499023082
134,9762.029437997091,67.23487298587618,170.73568901703032
135,9755.46594990361,68.99587015179478,175.5381799445929
136,9748.735081284112,70.79846233187892,180.46645638400682
137,9741.833126749754,72.64338384253088,185.52348940771245
138,9734.75632951819,74.53136794248518,190.7123025393218
139,9727.500882459932,76.46314586199381,196.03597167807075
140,9720.06292927145,78.43944577461917,201.49762495392744
141,9712.438565780785,80.46099170995397,207.1004425092574
142,9704.623841391538,82.52850240563308,212.84765620282553
143,9696.614760671138,84.64269009705974,218.74254923179933
144,9688.407285089357,86.8042592433361,224.7884556673036
145,9679.997334913058,89.01390518796846,230.98875989897047
146,9671.38079126316,91.27231275301095,237.34689598382536
147,9662.553498339823,93.58015476541794,243.8663468947547
148,9653.511265821786,95.93809051449723,250.55064366371315
149,9644.249871445754,98.346764139493,257.40336441474864
150,9634.76506377166,100.80680294648047,264.42813328185525
151,9625.052565139467,103.31881565392452,271.62861920660384
152,9615.108074823098,105.88339056644254,279.00853461045557
153,9604.927272386847,108.50109367651858,286.57163393663006
154,9594.505821249473,111.17246669414119,294.3217120563814
155,9583.839372460878,113.89802500458427,302.2626025345343
156,9572.923568696033,116.67825555481579,310.39817574914747
157,9561.754048470482,119.51361466930787,318.73233686020575
158,9550.326450581366,122.40452579633042,327.2690236222992
159,9538.63641877753,125.35137718614244,336.01220403632277
160,9526.679606661814,128.35451950284883,344.96587383533296
161,9514.451682828107,131.41426337206627,354.13405379982214
162,9501.948336235228,134.53087686694127,363.5207868978269
163,9489.165281819047,137.7045829354836,373.13013524546557
164,9476.098266343659,140.9355567726224,382.9661768837144
165,9462.743074491667,144.2239231408559,393.03300236747316
166,9449.095535192895,147.569753643852,403.3347111632486
167,9435.15152819004,150.97306395786183,413.8754078520952
168,9420.906990838863,154.43381102633293,424.65919813479957
169,9406.357925139664,157.95189022365068,435.6901846366805
170,9391.500404995704,161.52713249449306,446.9724625097984
171,9376.330583693307,165.1593014758561,458.51011483083363
172,9360.844701597212,168.84809060938986,470.30720779339475
173,9345.039094053654,172.5931202522763,482.36778569406545
174,9328.910199492433,176.39393479547883,494.6958657120852
175,9312.454567718012,180.24999979879465,507.29543248319084
176,9295.668868378438,184.16069915274102,520.1704324688191
177,9278.549899599508,188.12533227790323,533.3247681225863
178,9261.094596770316,192.1431113729599,546.7622918567223
179,9243.300041464889,196.21315872317604,560.4867998119337
180,9225.16347048327,200.33450408171092,574.5020254350177
181,9206.68228499395,204.5060821366228,588.8116328694256
182,9187.854059758143,208.72673007695738,603.4192101648987
183,9168.676552414967,212.99518527177943,618.3282623132528
184,9149.147712805181,217.3100830764388,633.5422041183799
185,9129.265692309698,221.66995478074762,649.0643529095541
186,9109.02885317774,226.07322571408002,664.8979211081789
187,9088.435777818135,230.5182135226795,681.0460086591846
188,9067.485278025952,235.0031266346705,697.5115953393761
189,9046.176404115453,239.52606292840778,714.2975329561383
190,9024.508453929117,244.0850086198579,731.4065374510245
191,9002.480981691444,248.67783738468356,748.8411809238715
192,8980.093806675206,253.30230973058673,766.6038835942061
193,8957.347021646925,257.95607263525505,784.6969057178194
194,8934.241001057573,262.63665946494535,803.1223394774804
195,8910.776408943848,267.34149018831727,821.8821008678336
196,8886.954206504828,272.0678718995998,840.9779215955706
197,8862.775659318499,276.81299966452946,860.4113410169706
198,8838.242344162401,281.57395770173184,880.1836981358656
199,8813.356155402673,286.3477209113365,900.2961236859893
200,8788.119310915878,291.13115676160703,920.7495323225133
201,8762.534357508419,295.9210275432375,941.5446149483424
202,8736.604175798851,300.7139929997173,962.6818312014308
203,8710.331984529226,305.5066133407908,984.161402129982
204,8683.721344272552,310.2953526445521,1005.9833030828956
205,8656.77616050467,315.0765826521077,1028.1472568432207
206,8629.50068601031,319.8465869570319,1050.652727032657
207,8601.899522594671,324.6015655900244,1073.498911815302
208,8573.977622073848,329.3376399972744,1096.6847379288752
209,8545.740286519414,334.05085840904434,1120.2088550715375
210,8517.19316773489,338.73720159292395,1144.0696306721836
211,8488.34226594424,343.39258898407826,1168.2651450716783
212,8459.193927675384,348.01288518264266,1192.7931871419696
213,8429.754842824486,352.593906806209,1217.6512503693011
214,8400.032040889986,357.13142968312314,1242.8365294268874
215,8370.032886368515,361.62119637008516,1268.3459172613962
216,8339.76507330826,366.05892397533444,1294.1760027164023
217,8309.236619018837,370.44031226651924,1320.3230687146404
218,8278.45585694038,374.76105204022525,1346.7830910193918
219,8247.431428678225,379.0168337280789,1373.5517375936936
220,8216.172275213354,383.2033562123725,1400.6243685742706
221,8184.6876273025455,387.31633582229676,1427.9960368751545
222,8152.986995085977,391.3515154801304,1455.66148943389
223,8121.080156923809,395.3046739651451,1483.6151691110422
224,8088.977147487033,399.1716352615534,1511.8512172514097
225,8056.688245131476,402.9482779555712,1540.3634769129492
226,8024.2239585874695,406.63054464560804,1569.1454967669185
227,7991.5950130010815,410.21445132873794,1598.1905356701764
228,7958.812335366084,413.6960967259681,1627.4915679079434
229,7925.887039388929,417.0716715084105,1657.0412891026554
230,7892.830409831881,420.33746738628616,1686.8321227818276
231,7859.6538863821,423.489886022762,1716.8562275951338
232,7826.369047096877,426.5254477349307,1747.1055051681883
233,7792.987591477358,429.44079994481075,1777.5716085778263
234,7759.521323224918,432.2327253440502,1808.2459514310272
235,7725.98213273589,434.8981497370744,1839.1197175270308
236,7692.3819793916055,437.43414952871154,1870.183871079679
237,7658.732873701554,439.83795882385516,1901.4291674745868
238,7625.046859358094,442.10697610846887,1932.8461645334337
239,7591.335995261332,444.23877048319724,1964.425234255467
240,7557.612337572735,446.23108742299473,1996.1565750042669
241,7523.887921855569,448.0818540385175,2028.0302241059094
242,7490.174745359539,449.7891838175111,2060.0360708229464
243,7456.484749505881,451.3513808270612,2092.1638696670543
244,7422.829802627827,452.7669433603251,2124.403254011844
245,7389.22168301963,454.03456701421345,2156.7437499661532
246,7355.672062345412,455.1531471874167,2189.1747904671684
247,7322.192489456861,456.1217809911519,2221.685729551984
248,7288.79437466635,456.9397685680092,2254.2658567656376
249,7255.488974519352,457.6066138172928,2286.9044116633527
250,7222.287377107167,458.1220245282426,2319.590598364588
251,7189.200487957916,458.48591192547633,2352.3136001166054
252,7156.239016540551,458.6983896338784,2385.062593825568
253,7123.413463413329,458.759772072967,2417.826764513702
254,7090.734108044759,458.67057229346796,2450.595319661771
255,7058.210997331582,458.43149927139723,2483.3575033970187
256,7025.853934834776,458.043454677389,2516.102610487833
257,6993.672470751071,457.50752914128,2548.820000107646
258,6961.675892633904,456.82499803406995,2581.499109332023
259,6929.873216874241,455.9973167912995,2614.1294663344565
260,6898.273180948256,455.02611580362066,2646.7007032481206
261,6866.884236435464,453.91319490186805,2679.202568662665
262,6835.714542807647,452.66051746526585,2711.624939727084
263,6804.771961985726,451.2702041825255,2743.957833831746
264,6774.064053658718,449.7445264964962,2776.1914198447835
265,6743.598071356021,448.08589976372895,2808.3160288802474
266,6713.380959261536,446.29687616080486,2840.3221645776566
267,6683.419349755578,444.38013736956304,2872.200512874857
268,6653.71956166815,442.3384870734506,2903.9419512583972
269,6624.287599224957,440.1748432971116,2935.5375574779296
270,6595.129151665519,437.8922306210421,2966.9786177134374
271,6566.249593510953,435.49377230267726,2998.256634186369
272,6537.653985457363,432.9826823346475,3029.3633322079886
273,6509.347075869372,430.36225747016397,3060.2906666604636
274,6481.333302847092,427.6358692445747,3091.0308279083324
275,6453.6167968388245,424.8069560210876,3121.5762471400876
276,6426.201383770908,421.879015087498,3151.919601141594
277,6399.090588665516,418.85559482949714,3182.0538165049866
278,6372.287639716683,415.74028700479494,3211.972073278522
279,6345.7954727945535,412.5367191408674,3241.667808064579
280,6319.616736347697,409.2485470776618,3271.1347165746406
281,6293.753796673317,405.8794476750656,3300.3667556516166
282,6268.208743525351,402.4331117033842,3329.358144771264
283,6242.983396030718,398.91323693348943,3358.1033670357915
284,6218.079308884391,395.3235214417095,3386.597169673898
285,6193.497778794471,391.66765714293604,3414.8345640625917
286,6169.239851149066,387.9493235638447,3442.810825287087
287,6145.306326877502,384.1721818665626,3470.521491255933
288,6121.697769479153,380.3398691315859,3497.962361389259
289,6098.414512194085,376.4559929072551,3525.129494898658
290,6075.456665290604,372.52412603164584,3552.0192086777474
291,6052.824123445799,368.5478017313335,3578.628074822865
292,6030.516573196176,364.5305090001473,3604.9529178036746
293,6008.533500436566,360.475688259747,3630.990811303685
294,5986.87419794655,356.3867273026384,3656.73907475081
295,5965.537772924763,352.2669575170949,3682.1952695581413
296,5944.523154512548,348.11965039237464,3707.357195095077
297,5923.829101289565,343.94801430161647,3732.2228844088177
298,5903.454208725058,339.7551915588649,3756.790599716076
299,5883.396916569614,335.54425574581825,3781.0588276845665
300,5863.655516173339,331.31820930310715,3805.0262745235536
301,5844.22815771745,327.0799813802022,3828.691860902347
302,5825.112857347372,322.83242593740937,3852.0547167152185
303,5806.307504196405,318.57832009284664,3875.114175710748
304,5787.809867290111,314.32036270679424,3897.8697700030943
305,5769.617602322464,310.0611731953834,3920.321224482151
306,5751.728258295816,305.8032905652187,3942.468451138964
307,5734.139284017578,301.54917266022693,3964.311543322194
308,5716.848034447437,297.30119561177935,3985.850769940782
309,5699.851776889716,293.06165348294445,4007.0865696273377
310,5683.147697026287,288.83275809759266,4028.019544876119
311,5666.732904786206,284.6166390449883,4048.6504561688043
312,5650.604440048947,280.41534385046236,4068.980216100589
313,5634.759278178754,276.23083830276494,4089.0098835184795
314,5619.194335388298,272.0650069287377,4108.740657682963
315,5603.906473930385,267.91965360602705,4128.173872463587
316,5588.892507117025,263.79650230467087,4147.310990578303
317,5574.149204165683,259.69719794853694,4166.153597885779
318,5559.673294872994,255.62330738775893,4184.703397739246
319,5545.461474116686,251.57632047351305,4202.9622054098
320,5531.510406186827,247.55765122669257,4220.93194258648
321,5517.816728947911,243.56863909227357,4238.614631959815
322,5504.377057833606,239.61055027141538,4256.012391894977
323,5491.187989676318,235.68457912360293,4273.127431200078
324,5478.246106373963,231.79184963141432,4289.962043994621
325,5465.5479783966375,227.93341692078133,4306.518604682579
326,5453.090168136034,224.1102688299011,4322.799563034064
327,5440.869233100687,220.32332752025474,4338.807439379057
328,5428.881728960294,216.57345112348688,4354.544819916217
329,5417.1242124424725,212.8614354182024,4370.014352139324
330,5405.59324408548,209.18801553103714,4385.218740383481
331,5394.2853908504985,205.55386765665955,4400.160741492841
332,5383.197228597167,201.95961079165806,4414.843160611174
333,5372.3253444261445,198.4058084775618,4429.268847096293
334,5361.666338892491,194.89297054853245,4443.440690558976
335,5351.216828093722,191.42155487954847,4457.361617026728
336,5340.973445636409,187.9919691311795,4471.03458523241
337,5330.932844485184,184.60457248732055,4484.4625830274945
338,5321.091698698036,181.2596773825171,4497.6486239194455
339,5311.446705051749,177.95755121576812,4510.595743732482
340,5301.994584561308,174.69841804793967,4523.306997390751
341,5292.732083897093,171.48246028016,4535.785455822747
342,5283.655976703589,168.30982031079557,4548.034202985616
343,5274.763064823358,165.1806021688263,4560.056333007815
344,5266.050179429904,162.09487312164993,4571.854947448445
345,5257.514182073035,159.05266525554427,4583.43315267142
346,5249.15196564026,156.05397702720936,4594.79405733253
347,5240.960455237676,153.09877478499226,4605.940769977331
348,5232.936608993741,150.1869942585705,4616.876396747688
349,5225.0774187892375,147.31854201603383,4627.604039194729
350,5217.379910916668,144.4932968874579,4638.126792195874
351,5209.841146672241,141.71111135420972,4648.4477419735495
352,5202.4582228835025,138.97181290336144,4658.569964213136
353,5195.228272375622,136.27520534671683,4668.496522277662
354,5188.148464379211,133.6210701040762,4678.230465516713
355,5181.216004882519,131.00916745047675,4687.774827667004
356,5174.428136930712,128.43923772725014,4697.1326253420375
357,5167.782140874894,125.91100251683615,4706.306856608269
358,5161.275334573433,123.42416578138088,4715.300499645186
359,5154.905073548055,120.97841496523111,4724.1165114867135
360,5148.668751097114,118.57342206151246,4732.757826841373
361,5142.563798368326,116.20884464304915,4741.227356988624
362,5136.587684393211,113.88432685794689,4749.527988748841
363,5130.737916085372,111.59950039021867,4757.6625835244095
364,5125.012038204689,109.35398538588584,4765.6339764094255
365,5119.407633289406,107.14739134503438,4773.44497536556
366,5113.922321558018,104.97931798034865,4781.098360461634
367,5108.553760782801,102.84935604268303,4788.596883174516
368,5103.299646136742,100.75708811426504,4795.943265748993
369,5098.157710015549,98.70208937015337,4803.140200614298
370,5093.125721836378,96.68392830859904,4810.190349855024
371,5088.201487814811,94.7021674509805,4817.096344734209
372,5083.382850721578,92.75636401200127,4823.860785266422
373,5078.667689620439,90.84607054085443,4830.486239838708
374,5074.05391958859,88.97083553407013,4836.97524487734
375,5069.539491420883,87.13020402077234,4843.330304558344
376,5065.122391319094,85.32371812107723,4849.553890559828
377,5060.800640567438,83.55091757837124,4855.64844185419
378,5056.572295195431,81.81134026620805,4861.616364538359
379,5052.435445629202,80.10452267056519,4867.460031700231
380,5048.388216332242,78.43000034819882,4873.181783319557
381,5044.428765436594,76.78730836183242,4878.783926201571
382,5040.555284365386,75.1759816929103,4884.2687339417025
383,5036.76599744759,73.59555563264082,4889.638446919767
384,5033.059161525853,72.04556615204682,4894.895272322099
385,5029.433065558164,70.52555025173223,4900.041384190103
386,5025.886030214137,69.03504629206454,4905.078923493797
387,5022.416407466591,67.5735943044618,4910.009998228945
388,5019.022580179129,66.14073628446245,4914.836683536407
389,5015.7029616903155,64.73601646724332,4919.56102184244
390,5012.4559953950875,63.3589815862395,4924.185023018672
391,5009.280154323947,62.00918111550598,4928.710664560546
392,5006.173940720469,60.68616749644768,4933.139891783082
393,5003.135885617639,59.38949634953056,4937.474618032828
394,5000.164548413489,58.118726671572176,4941.716724914938
395,4997.258516446467,56.87342101919545,4945.868062534336
396,4994.416404570991,55.65314567901483,4949.9304497499925
397,4991.636854733539,54.457470825109134,4953.905674441351
398,4988.918535549677,53.285970664320395,4957.795493786001
399,4986.260141882357,52.13822356990307,4961.601634547738
400,4983.660394421805,51.01381220403301,4965.32579337416
401,4981.118039267308,49.91232362967062,4968.9696371030195
402,4978.631847511173,48.83334941225772,4972.534803076567
403,4976.200614825128,47.77648571171295,4976.022899463157
404,4973.8231610493995,46.74133336517584,4979.435505585422
405,4971.498329784699,45.72749796093514,4982.774172254363
406,4969.224987987319,44.734589903962856,4986.040422108716
407,4967.002025567537,43.76222447346117,4989.235749958999
408,4964.828354991507,42.8100218728156,4992.361623135675
409,4962.702910886787,41.877607272334096,4995.419481840876
410,4960.624649651673,40.96461084513838,4998.410739503185
411,4958.592549068456,40.0706677965606,5001.336783134981
412,4956.605607920734,39.195418387385644,5004.198973691878
413,4954.6628456148965,38.33850795126668,5006.9986464338335
414,4952.763301805872,37.4995869066293,5009.737111287495
415,4950.906036027232,36.678310763367534,5012.4156532093975
416,4949.090127325736,35.87434012462339,5015.035532549638
417,4947.314673900385,35.087340683929845,5017.597985415683
418,4945.578792746048,34.316983217986625,5020.104224035964
419,4943.881619301709,33.56294357532654,5022.555437122963
420,4942.222307103392,32.82490266112039,5024.952790235486
421,4940.600027441789,32.10254641835751,5027.297426139851
422,4939.013969024634,31.395565805629722,5029.590465169734
423,4937.46333764384,30.703656771736256,5031.833005584422
424,4935.947355847419,30.02652022731843,5034.02612392526
425,4934.465262616206,29.363862013723285,5036.170875370069
426,4933.016313045377,28.71539286928707,5038.268294085335
427,4931.59977803078,28.080828393220706,5040.319393575998
428,4930.214943960071,27.45988900727136,5042.325167032657
429,4928.861112408639,26.852299915326178,5044.286587676033
430,4927.537599840325,26.257791061116727,5046.204609098557
431,4926.243737312901,25.676097084175286,5048.0801656029225
432,4924.978870188306,25.1069572741869,5049.914172537507
433,4923.7423578476055,24.550115523874464,5051.70752662852
434,4922.533573410656,24.005320280547245,5053.461106308797
435,4921.351903460441,23.472324496437135,5055.1757720431215
436,4920.196747772049,22.95088557794059,5056.85236665001
437,4919.067519046258,22.440765333878407,5058.491715619863
438,4917.963642647694,21.94172992287987,5060.094627429426
439,4916.884556347519,21.453549799992203,5061.661893852489
440,4915.829710070615,20.975999662611187,5063.194290266774
441,4914.798565647216,20.508858395823626,5064.69257595696
442,4913.790596568947,20.05190901724764,5066.157494413805
443,4912.805287749225,19.60493862145203,5067.589773629323
444,4911.8421352879695,19.16773832403157,5068.990126387998
445,4910.900646240588,18.74010320541084,5070.359250554001
446,4909.980338391167,18.321832254445024,5071.697829354387
447,4909.080740029841,17.912728311882354,5073.006531658276
448,4908.201389734269,17.51259801374896,5074.286012251981
449,4907.341836155179,17.12125173471344,5075.536912110107
450,4906.501637805928,16.738503531484945,5076.759858662586
451,4905.680362856012,16.36417108629539,5077.955466057692
452,4904.877588928487,15.998075650513131,5079.124335420999
453,4904.092902901245,15.64004198843261,5080.267055110322
454,4903.32590071208,15.289898321281495,5081.384200966639
455,4902.5761871674995,14.947476271484181,5082.476336561016
456,4901.843375755231,14.612610807217893,5083.54401343755
457,4901.127088460353,14.285140187295118,5084.587771352351
458,4900.426955585009,13.964905906403809,5085.608138508587
459,4899.742615571649,13.651752640734461,5086.605631787616
460,4899.0737148297385,13.345528194021066,5087.58075697624
461,4898.41990756588,13.046083444020898,5088.534008990098
462,4897.7808556173,12.753272289456124,5089.465872093243
463,4897.1562282886425,12.466951597438415,5090.376820113918
464,4896.545702192011,12.186981151395928,5091.267316656593
465,4895.948961090216,11.913223599520418,5092.137815310264
466,4895.365695743162,11.645544403750606,5092.988759853087
467,4894.7956037573385,11.38381178930645,5093.820584453355
468,4894.238389438336,11.127896694787543,5094.633713866877
469,4893.693763646363,10.877672722847478,5095.42856363079
470,4893.161443654695,10.633016091454792,5096.205540253851
471,4892.641153011011,10.39380558574983,5096.96504140324
472,4892.132621401558,10.159922510505766,5097.707456087936
473,4891.635584518112,9.931250643200926,5098.433164838687
474,4891.149783927662,9.707676187708502,5099.1425398846295
475,4890.674966944782,9.489087728608824,5099.835945326608
476,4890.2108865066475,9.275376186128408,5100.513737307223
477,4889.757301050629,9.066434771709162,5101.17626417766
478,4889.313974394435,8.862158944210293,5101.823866661354
479,4888.880675618742,8.662446366744735,5102.456878014512
480,4888.457178952282,8.46719686415116,5103.075624183565
481,4888.0432636593205,8.276312381101985,5103.680423959576
482,4887.638713929497,8.089696940847128,5104.271589129655
483,4887.243318769976,7.907256604592749,5104.8494246254295
484,4886.85687189987,7.7288994315135096,5105.414228668615
485,4886.479171646879,7.554535439396551,5105.966292913723
486,4886.1100208461185,7.384076565914735,5106.5059025879655
487,4885.749226741084,7.217436630526364,5107.033336628388
488,4885.396600886718,7.054531296998094,5107.548867816282
489,4885.051959054526,6.895278036547407,5108.052762908925
490,4884.7151211397195,6.739596091600636,5108.545282768678
491,4884.38591107033,6.5874064401621775,5109.026682489506
492,4884.064156718261,6.438631760790243,5109.497211520947
493,4883.749689812249,6.293196398174203,5109.957113789575
494,4883.4423458526735,6.151026329308297,5110.406627818015
495,4883.141964028204,6.012049130256265,5110.8459868415375
496,4882.848387134226,5.87619394350121,5111.275418922271
497,4882.561461493031,5.743391445874823,5111.695147061092
498,4882.281036875712,5.613573817059879,5112.105389307226
499,4882.006966425751,5.486674708659794,5112.506358865588
500,4881.7391065842485,5.362629213828843,5112.89826420192
501,4881.4773170167755,5.241373837456519,5113.281309145765
502,4881.2214605418,5.122846466899402,5113.655692991298
503,4880.971403060667,5.006986343253773,5114.021610596076
504,4880.727013489098,4.8937340331621595,5114.379252477737
505,4880.488163690173,4.783031401146861,5114.728804908677
506,4880.254728408774,4.674821582463499,5115.0704500087595
507,4880.026585207451,4.569048956467527,5115.404365836078
508,4879.803614403684,4.465659120486605,5115.730726475826
509,4879.585699008516,4.36459886419173,5116.049702127289
510,4879.372724666519,4.2658161444599365,5116.361459189016
511,4879.164579597083,4.169260060721426,5116.666160342192
512,4878.961154536969,4.074880830783902,5116.963964632243
513,4878.762342684141,3.982629767126958,5117.255027548727
514,4878.568039642814,3.892459253659294,5117.5395011035225
515,4878.3781433697095,3.8043227229316288,5117.817533907355
516,4878.1925541214905,3.7181746337981134,5118.089271244708
517,4878.011174403356,3.6339704495191363,5118.354855147121
518,4877.833908918754,3.5516666162984,5118.614424464944
519,4877.660664520213,3.4712205422472078,5118.868114937537
520,4877.491350161245,3.392590576768916,5119.1160592619835
521,4877.325876849316,3.3157359903565684,5119.358387160324
522,4877.16415759985,3.2406169547967663,5119.59522544535
523,4877.006107391246,3.1671945237728774,5119.826698084978
524,4876.851643120888,3.0954306138607506,5120.052926265247
525,4876.700683562134,3.0252879859101465,5120.274028451951
526,4876.553149322245,2.956730226805168,5120.490120450945
527,4876.4089628012525,2.889721731597029,5120.701315467146
528,4876.268048151733,2.8242276860025686,5120.90772416226
529,4876.130331239473,2.7602140492619833,5121.10945471126
530,4875.9957396050095,2.6976475373493245,5121.306612857636
531,4875.864202426019,2.636495606529371,5121.499301967447
532,4875.735650480541,2.5767264372545737,5121.687623082199
533,4875.610016111024,2.5183089183958254,5121.8716749705745
534,4875.487233189163,2.4612126318009047,5122.051554179031
535,4875.3672370815175,2.4054078371745033,5122.227355081302
536,4875.249964615906,2.350865457273836,5122.3991699268145
537,4875.135354048532,2.297557063413901,5122.567088888049
538,4875.023345031854,2.245454861276553,5122.731200106864
539,4874.913878583165,2.194531677017612,5122.891589739812
540,4874.806897053872,2.1447609436663324,5123.048342002456
541,4874.702344099464,2.0961166878116155,5123.201539212718
542,4874.600164650149,2.048573516569456,5123.351261833276
543,4874.500304882137,2.002106604826169,5123.497588513031
544,4874.402712189581,1.9566916827520453,5123.640596127661
545,4874.307335157127,1.9123050235801526,5123.780359819287
546,4874.214123533093,1.8689234316450871,5123.9169530352565
547,4874.123028203229,1.8265242306765594,5124.050447566088
548,4874.034001165086,1.7850852523427803,5124.180913582565
549,4873.946995502937,1.7445848250386953,5124.308419672018
